12323231331323232323 0.16417910447761194
12323232312323232323 0.16417910447761194
12323232313313232323 0.16417910447761194
12323232321323232323 0.16417910447761194
12323232323123232323 0.16417910447761194
12323232323133132323 0.16417910447761194
21323231331323232323 0.16417910447761194
21323232312323232323 0.16417910447761194
21323232313313232323 0.16417910447761194
21323232321323232323 0.16417910447761194
21323232323123232323 0.16417910447761194
21323232323133132323 0.16417910447761194
21323232323213232323 0.16417910447761194
