123132321323232323
123132323123132323
123132323123232323
123132323132132323
123132323133132323
123132323213232323
123132323231231323
123132323231232323
123132323231321323
123132323231331323
123132323232132323
123132323232312323
123132323232321323
123231231323232323
123231321323232323
123232312313232323
123232313213232323
123232323123132323
123232323132132323
123232323231231323
123232323231321323
213231231323232323
213232312313232323
213232313213232323
213232323123132323
213232323132132323
213232323231231323
213232323231321323
